362 19
1296 16
454 42
364 19
16 4
909 11
656 11
834 27
130 8
908 5
345 16
396 11
170 23
784 43
1086 7
1374 6
553 23
37 12
910 11
1047 3
839 8
712 4
731 33
1109 47
708 7
937 31
1100 0
487 8
488 8
1564 19
597 16
1310 18
273 6
494 0
1078 5
8 2
841 18
479 22
1061 14
578 20
1238 14
278 9
1506 41
439 15
587 34
302 33
1418 14
461 33
470 7
1263 10
47 16
1240 16
1390 32
1116 48
622 6
1159 1
1331 11
464 8
881 11
661 15
613 9
1448 44
313 16
600 5
1438 44
467 7
397 20
325 42
199 30
500 36
520 20
334 20
1466 24
353 26
1145 16
829 27
720 10
916 41
1386 30
380 10
616 32
556 33
400 20
1007 10
77 28
395 11
1577 7
595 9
879 11
283 20
750 28
350 26
421 6
1346 4
639 33
1395 16
469 7
489 8
203 33
767 11
811 33
726 7
1056 33
899 15
72 4
1059 20
180 11
1355 36
943 39
1112 47
1008 8
137 5
621 6
951 13
700 7
1437 44
666 45
1016 19
1538 39
969 14
985 39
1409 0
826 27
1366 21
359 13
773 32
1206 41
135 34
745 24
250 0
807 19
1023 32
460 33
1038 8
1516 48
962 36
15 3
211 5
1574 43
2 28
710 4
56 11
200 6
79 28
856 13
76 24
1423 11
550 6
503 36
880 11
991 26
923 4
850 17
1445 44
84 30
187 38
1251 22
1556 23
1581 11
309 25
1118 48
965 14
1375 6
524 24
674 7
285 20
949 5
1079 5
32 8
1215 30
1380 0
998 23
1005 28
725 7
216 16
375 10
299 32
1144 37
341 13
1323 18
477 14
1523 15
423 11
1080 7
1142 28
1498 29
418 9
1256 41
66 20
284 20
22 5
191 14
1063 14
51 8
667 10
1170 23
1185 16
1426 16
903 17
92 16
1044 6
777 37
122 11
1273 18
1465 24
995 23
824 20
440 15
636 42
1330 20
582 28
1367 21
412 6
1459 15
963 7
757 4
1435 44
481 22
161 0
1480 33
890 7
289 36
620 9
584 33
1570 43
1492 9
992 34
413 6
815 14
1176 24
1003 32
1474 9
1017 46
473 39
794 45
1575 7
355 42
585 34
459 42
858 7
1172 28
1476 9
445 37
979 4
1442 44
1450 4
1269 9
888 7
450 20
837 39
264 5
156 37
333 20
1236 22
1359 24
336 43
304 33
1013 9
770 32
1158 1
1132 11
663 45
677 45
145 35
410 6
240 23
1335 8
1034 39
417 9
541 26
344 16
1532 2
1131 11
45 13
110 15
1040 5
260 0
525 24
1218 28
374 8
927 9
1468 18
719 10
1230 40
1500 23
684 8
706 8
1322 24
746 24
1252 16
1043 6
1210 20
1401 36
1277 11
953 13
138 5
209 8
123 11
873 10
1151 4
831 27
1233 40
521 20
1510 22
231 20
316 33
967 14
633 8
691 33
894 9
1111 47
1399 36
738 23
338 13
1321 18
1307 46
178 9
1049 3
83 29
272 16
98 7
902 8
1370 6
653 11
735 16
449 17
874 10
457 42
1402 36
1085 14
259 25
664 45
1584 6
554 23
1353 28
859 16
698 42
1154 1
255 41
1050 3
1110 47
348 26
789 16
977 4
526 24
1282 16
1473 8
1439 44
555 8
999 41
148 35
806 19
694 42
751 28
1404 9
893 11
1163 0
44 13
31 8
1546 28
715 42
455 42
1349 19
542 26
1457 15
483 18
59 14
1083 4
1512 7
946 0
772 32
755 30
809 34
573 9
220 16
780 0
1221 36
669 4
509 8
1572 43
849 15
144 35
1055 33
1207 41
408 6
1203 41
154 37
1578 7
1247 22
1200 26
482 22
175 33
1449 4
642 4
818 11
153 37
853 28
1511 7
956 15
1303 46
1493 9
605 4
184 11
222 16
415 40
852 17
1549 5
776 6
942 39
339 13
1138 15
229 20
906 16
758 4
176 33
247 40
590 37
1481 7
1122 28
944 5
453 42
1554 24
1193 16
655 11
1128 5
1509 41
1175 24
1104 16
821 20
583 33
120 6
1312 18
744 24
877 11
1101 8
601 14
365 19
1174 8
1058 33
840 8
1309 46
1420 11
18 4
935 31
1169 10
1245 22
958 33
1318 8
1343 20
1209 20
723 7
166 10
851 17
424 11
518 8
615 0
647 34
614 0
363 19
1508 41
280 20
593 34
226 8
608 6
1430 44
312 23
74 24
1417 33
606 6
675 23
917 41
531 7
649 9
441 15
1266 7
1181 37
878 11
701 7
100 7
576 20
947 32
27 7
1347 10
1189 9
671 4
756 6
446 17
86 30
54 8
734 20
1305 46
570 33
1528 42
214 8
1225 39
1586 39
1503 23
1014 9
650 38
966 14
369 6
1001 34
673 20
1098 8
1149 9
85 30
843 18
10 2
589 37
562 8
563 29
478 14
1129 26
195 30
436 42
1340 10
662 45
1289 21
819 23
1376 6
1342 20
1579 43
1422 11
1192 20
511 33
968 14
237 7
298 32
26 8
528 20
913 41
246 40
1173 8
557 33
954 13
832 27
140 35
55 11
1075 8
1580 11
331 30
1292 28
1441 44
497 7
1428 16
1336 8
505 32
865 11
1513 7
65 19
1135 15
82 29
30 8
987 15
912 41
598 16
604 8
506 32
875 20
332 20
1522 15
279 20
1313 18
867 26
42 13
868 11
492 25
1244 22
724 7
151 7
295 5
914 41
572 9
835 39
984 39
820 23
1227 39
9 2
1196 28
803 25
863 11
1334 28
349 26
1568 7
1529 8
1348 10
197 30
1241 16
1301 16
402 9
292 8
189 38
1302 16
618 9
1254 16
1354 36
1037 8
75 24
1484 42
1379 17
71 4
28 7
434 5
624 16
61 14
1045 33
1332 11
1046 22
782 32
567 38
1419 8
1069 14
311 23
1573 43
1551 8
527 24
1487 32
707 8
193 14
121 6
577 20
828 27
119 15
530 7
1488 28
394 11
761 6
234 22
1284 4
1567 19
1067 14
643 4
319 6
225 7
612 13
63 19
1431 44
67 20
192 14
795 19
759 27
367 16
517 7
1501 23
688 16
301 33
149 7
261 0
1084 0
514 7
3 28
5 28
425 4
532 7
1161 16
842 18
702 7
763 6
743 24
1314 18
765 6
802 25
293 24
276 9
93 16
407 5
1087 7
1156 1
242 9
536 33
1124 40
1364 21
1362 14
383 30
1025 8
329 9
768 11
919 28
800 25
940 14
928 4
1478 8
337 43
431 42
516 7
797 19
1167 25
889 7
1179 42
774 11
972 32
392 28
1024 8
323 42
1464 24
891 4
1041 16
798 19
522 24
980 42
1113 47
257 5
6 28
866 26
1281 24
419 9
262 5
198 30
248 0
1545 28
658 15
1121 28
625 16
485 8
686 26
1360 0
403 9
1534 7
1393 11
1057 33
1103 8
513 40
1070 19
1447 44
233 22
901 8
1032 42
870 10
1088 7
504 17
845 11
1081 20
1385 15
1115 8
118 15
1248 7
253 7
281 20
1518 9
665 45
804 25
683 8
1094 9
651 38
1178 20
978 4
438 42
1382 11
682 8
1052 8
1326 8
1260 8
377 10
1166 25
512 33
1421 11
884 18
235 22
709 4
1229 8
1114 8
1155 1
609 13
1222 25
1213 5
1148 9
687 6
693 42
463 33
1127 5
78 28
330 30
1381 24
401 9
132 8
955 15
788 16
560 13
579 11
326 9
529 20
997 23
1456 15
1191 8
796 19
1345 39
430 42
232 4
254 41
244 40
96 7
1407 9
127 32
1126 33
722 16
918 23
1270 42
393 11
1255 6
169 23
1022 32
1308 46
243 9
981 42
1566 19
1190 8
599 5
210 5
1470 18
224 16
39 12
1239 11
1324 18
871 10
1350 19
1519 9
1565 19
308 5
1433 44
736 4
728 7
1287 21
405 9
950 5
1097 8
659 15
1444 44
1117 48
102 9
1548 28
1494 9
1068 14
733 20
1031 42
1030 6
721 4
1108 47
1405 9
1224 25
1443 44
1091 39
291 8
245 40
1415 0
952 13
1412 14
1276 18
29 7
158 4
388 28
442 23
816 14
1530 8
538 26
1424 2
296 32
1363 14
771 32
936 31
930 14
1408 9
1039 5
1502 23
409 6
1499 16
168 10
378 10
48 16
1 0
465 8
1341 7
1262 8
11 2
155 37
1365 21
1258 9
1250 22
737 4
164 0
1300 30
95 7
163 33
1467 24
317 33
447 17
499 33
810 34
12 3
1004 32
19 18
546 11
1186 16
1337 8
1234 40
904 17
519 8
1561 16
1237 14
183 9
361 13
389 28
805 19
885 18
627 16
1278 24
1297 28
1361 14
1539 39
1231 33
162 33
416 9
40 12
433 5
1356 24
357 13
73 24
1153 1
129 8
1018 46
833 27
812 27
628 16
101 7
786 25
1304 46
540 26
126 32
864 11
307 5
515 7
727 6
310 4
1377 28
1152 1
1146 9
775 6
607 6
432 42
1286 21
1294 28
1319 4
314 16
452 42
1293 28
1400 36
1479 33
236 27
1486 32
238 7
256 41
769 11
1562 19
1242 18
1344 20
1216 30
7 2
1279 24
632 8
373 8
1107 47
1391 32
354 42
1072 19
924 4
1317 28
305 5
36 12
575 20
1587 39
52 8
970 14
128 32
468 7
1471 8
1389 11
171 23
1095 9
872 10
1187 7
685 17
165 0
87 26
1143 37
49 16
1214 30
847 11
1425 2
17 4
274 6
343 16
836 39
33 8
574 20
320 42
1451 20
1177 7
814 14
80 28
303 33
996 23
177 33
1547 28
1352 19
892 6
113 0
898 15
1542 9
938 31
268 5
1066 14
370 26
1583 6
973 32
114 0
1383 7
1164 20
1243 18
111 16
886 28
846 11
544 17
275 6
617 32
932 24
1271 32
711 26
1012 9
1472 8
404 9
1009 33
1397 16
1141 28
1329 36
876 11
228 20
498 7
112 16
791 4
1268 10
1316 18
676 23
1416 33
547 11
581 28
160 0
801 25
1569 7
703 9
861 24
351 26
1280 24
730 33
1027 33
398 20
1558 23
340 13
911 11
366 16
510 42
136 34
64 19
179 11
1440 44
20 5
167 10
537 26
1555 24
239 23
1051 16
1475 9
1497 32
566 29
290 8
358 13
1288 21
1372 6
779 4
152 7
939 16
217 16
219 16
672 20
1065 14
551 11
1414 0
60 14
1120 48
143 35
471 7
732 20
206 11
1283 16
648 34
808 19
99 7
1184 16
571 33
549 6
934 11
1197 28
1090 26
241 23
1202 41
766 11
1020 10
265 5
448 17
475 14
747 7
38 12
1064 14
564 29
787 25
4 28
1150 9
1560 16
670 4
62 19
476 14
629 43
324 42
1220 9
813 27
91 16
645 44
249 0
1264 7
269 5
1036 8
1165 20
186 0
1517 48
371 26
1427 16
1384 15
679 16
921 16
221 16
1180 37
964 7
1198 26
1011 9
830 27
678 16
190 8
630 43
387 28
695 42
869 32
227 8
1320 18
1205 41
1060 14
109 15
382 30
263 5
297 32
594 34
411 6
1371 6
580 28
89 42
1552 10
173 27
435 40
218 16
223 34
752 10
592 37
778 37
172 27
986 39
258 25
1388 5
13 3
1368 24
1452 16
1042 6
406 10
1571 43
1168 10
428 14
1527 42
379 10
983 39
588 15
1099 8
993 34
1535 7
827 27
825 27
1133 6
1491 9
543 8
266 5
174 27
887 28
157 4
271 36
1557 23
652 11
1139 23
596 9
1096 9
680 16
1226 39
1119 48
1453 0
204 14
1434 44
1274 18
53 8
660 15
420 9
1267 7
716 42
287 36
896 15
451 15
1327 8
1253 16
696 42
315 16
194 15
1544 28
1054 33
88 26
717 42
131 8
1211 20
1162 0
982 42
14 3
1328 36
1195 28
1463 14
862 24
1543 28
961 36
1392 32
185 0
444 37
286 36
142 35
1507 41
1358 47
668 10
654 11
1290 21
699 37
959 33
270 36
484 18
1454 4
212 5
277 9
1136 15
561 8
988 15
1298 15
1462 4
1495 22
360 13
1455 22
342 16
1505 41
925 4
781 0
1351 19
895 15
50 16
69 4
150 7
1123 28
294 24
883 18
288 36
116 31
1460 7
107 16
1396 16
823 20
1217 30
1033 39
634 0
690 26
97 7
81 29
115 6
681 8
897 15
565 29
611 13
1373 6
1306 46
306 5
327 9
196 30
267 5
1394 16
692 16
352 26
1026 33
134 8
799 25
854 14
1285 39
623 16
971 33
105 16
1315 18
533 7
742 24
1275 18
602 9
1212 20
705 8
1576 7
230 20
507 8
1536 18
740 8
103 9
207 8
426 4
322 42
948 32
1077 16
1015 6
1413 0
335 20
495 0
24 6
1477 8
641 28
1436 44
1378 28
68 20
1125 40
552 23
1553 24
1182 33
213 8
188 38
1525 32
1485 42
1261 8
1311 18
1232 33
205 11
644 7
117 31
718 42
1219 28
1483 42
1559 23
793 45
603 9
251 16
900 8
1130 11
23 6
640 33
882 16
689 26
104 9
855 13
21 5
754 30
1325 18
741 7
90 11
1048 3
760 6
713 4
535 16
1514 41
94 7
501 36
610 13
1257 41
990 16
1469 18
1489 28
1357 47
785 25
1272 32
1387 30
381 10
975 26
159 27
994 23
201 6
729 34
1429 44
1537 39
568 9
1105 47
480 22
427 4
545 17
1074 8
58 17
1246 22
1137 15
41 9
147 35
657 11
414 40
922 40
70 4
124 11
1006 10
1490 14
346 16
491 25
1093 9
1582 7
638 33
372 8
1432 44
1082 4
385 28
1204 41
976 26
1106 47
989 32
1019 14
34 8
548 6
1183 4
181 11
783 43
790 16
1446 44
1398 16
704 8
466 8
1265 7
215 8
496 0
493 25
1333 11
1157 1
490 25
1171 33
356 42
1228 8
1563 19
635 42
586 34
1526 32
282 20
1073 19
945 5
46 14
905 17
569 9
108 15
472 39
838 4
321 42
1339 16
1102 8
1540 9
619 9
437 42
391 28
929 14
443 23
422 11
474 39
300 32
252 16
1235 22
631 43
926 33
534 16
508 8
1458 15
1259 9
1482 7
915 41
1029 24
1201 41
458 42
1140 23
822 20
43 13
1461 11
1524 34
714 8
347 16
957 33
486 8
857 13
1249 7
762 6
1071 19
1147 9
1411 47
390 28
429 14
848 15
208 8
35 12
386 28
1092 39
907 16
931 24
146 35
523 24
753 10
1223 25
1089 7
1410 0
1188 15
558 33
1062 14
182 9
559 13
1521 34
1585 39
399 20
1021 32
456 42
318 6
1299 15
591 37
1520 9
1515 48
328 9
933 24
817 11
384 30
57 17
697 16
974 26
1053 8
202 6
1208 41
376 10
25 6
1496 22
844 11
1002 32
646 28
1028 24
1199 26
1010 33
125 16
539 26
1338 8
1000 41
637 42
1588 24
1533 7
1531 8
1194 16
1291 16
1035 8
941 39
748 7
1406 9
1076 9
139 35
0 0
1134 6
141 35
1541 9
1504 41
502 36
920 16
368 16
1295 10
860 24
764 6
960 36
1160 1
133 8
792 45
1369 24
749 34
739 23
106 16
462 33
626 16
1550 8
1403 36
