0 9
1 20
2 21
3 11
4 6
5 13
6 1
7 19
8 21
9 28
10 28
11 29
12 1
13 1
14 9
15 0
16 22
17 26
18 29
19 22
20 2
21 13
22 7
23 15
24 11
25 15
26 15
27 7
28 3
29 7
30 19
31 10
32 25
33 14
34 29
35 24
36 23
37 22
38 15
39 25
40 13
41 21
42 8
43 10
44 25
45 25
46 12
47 8
48 11
49 11
50 7
51 13
52 19
53 25
54 9
55 11
56 4
57 11
58 29
59 3
60 13
61 15
62 9
63 9
64 0
65 25
66 22
67 22
68 14
69 5
70 0
71 20
72 23
73 20
74 12
75 21
76 20
77 28
78 11
79 9
80 23
81 12
82 16
83 9
84 9
85 9
86 15
87 28
88 5
89 11
90 9
91 9
92 9
93 11
94 21
95 29
96 29
97 20
98 10
99 18
100 13
101 13
102 12
103 29
104 29
105 6
106 25
107 23
108 2
109 0
110 25
111 2
112 22
113 13
114 12
115 2
116 15
117 23
118 2
119 20
120 20
121 10
122 29
123 2
124 28
125 6
126 11
127 13
128 2
129 20
130 0
131 2
132 13
133 7
134 6
135 5
136 23
137 5
138 11
139 15
140 2
141 7
142 16
143 13
144 15
145 10
146 2
147 0
148 12
149 4
150 21
151 17
152 21
153 12
154 28
155 29
156 15
157 28
158 26
159 13
160 14
161 26
162 26
163 25
164 19
165 21
166 10
167 13
168 28
169 28
170 13
171 23
172 11
173 28
174 28
175 28
176 23
177 8
178 5
179 28
180 28
181 29
182 13
183 0
184 4
185 21
186 12
187 23
188 0
189 21
190 17
191 21
192 21
193 21
194 23
195 10
196 19
197 0
198 0
199 4
200 8
201 7
202 16
203 19
204 3
205 10
206 17
207 21
208 28
209 7
210 7
211 14
212 0
213 22
214 23
215 15
216 0
217 4
218 10
219 2
220 10
221 10
222 10
223 16
224 28
225 0
226 23
227 2
228 12
229 10
230 17
231 17
232 2
233 2
234 9
235 19
236 8
237 20
238 12
239 15
240 22
241 22
242 12
243 12
244 0
245 0
246 20
247 7
248 13
249 12
250 25
251 6
252 14
253 14
254 14
255 14
256 14
257 14
258 14
259 14
260 4
261 21
262 2
263 12
264 9
265 3
266 0
267 26
268 26
269 23
270 6
271 11
272 14
273 6
274 18
275 14
276 4
277 12
278 26
279 20
280 19
281 24
282 14
283 14
284 17
285 21
286 21
287 6
288 20
289 21
290 14
291 0
292 2
293 17
294 17
295 28
296 12
297 4
298 29
299 17
300 10
301 7
302 19
303 17
304 17
305 25
306 29
307 12
308 16
309 11
310 2
311 2
312 2
313 2
314 23
315 12
316 28
317 17
318 8
319 11
320 10
321 17
322 12
323 8
324 22
325 17
326 25
327 2
328 2
329 11
330 4
331 15
332 15
333 15
334 3
335 19
336 11
337 8
338 8
339 8
340 23
341 11
342 12
343 23
344 2
345 21
346 18
347 19
348 13
349 21
350 10
351 10
352 15
353 17
354 3
355 3
356 5
357 2
358 17
359 7
360 23
361 1
362 2
363 21
364 21
365 5
366 23
367 28
368 21
369 3
370 15
371 23
372 23
373 29
374 3
375 8
376 5
377 13
378 22
379 2
380 3
381 3
382 15
383 18
384 21
385 21
386 19
387 21
388 22
389 21
390 11
391 21
392 23
393 25
394 17
395 23
396 23
397 21
398 19
399 2
400 20
401 13
402 22
403 20
404 9
405 9
406 13
407 13
408 4
409 29
410 29
411 0
412 11
413 24
414 10
415 21
416 16
417 17
418 12
419 24
420 6
421 4
422 4
423 7
424 20
425 29
426 1
427 18
428 10
429 22
430 23
431 11
432 11
433 29
434 2
435 24
436 23
437 23
438 29
439 18
440 15
441 23
442 11
443 14
444 21
445 24
446 7
447 2
448 20
449 16
450 18
451 9
452 0
453 17
454 28
455 18
456 21
457 23
458 21
459 21
460 21
461 4
462 17
463 17
464 11
465 2
466 20
467 21
468 15
469 19
470 23
471 17
472 17
473 25
474 17
475 17
476 24
477 7
478 20
479 1
480 13
481 19
482 23
483 27
484 27
485 27
486 27
487 27
488 27
489 14
490 12
491 0
492 25
493 25
494 17
495 22
496 6
497 2
498 22
499 15
500 24
501 19
502 7
503 13
504 0
505 16
506 28
507 22
508 21
509 21
510 10
511 5
512 10
513 21
514 18
515 0
516 18
517 29
518 3
519 7
520 13
521 9
522 13
523 0
524 2
525 10
526 13
527 13
528 7
529 23
530 10
531 29
532 2
533 5
534 18
535 29
536 29
537 11
538 18
539 18
540 20
541 18
542 5
543 20
544 0
545 1
546 6
547 23
548 1
549 1
550 21
551 13
552 15
553 18
554 1
555 18
556 11
557 15
558 0
559 20
560 23
561 1
562 18
563 9
564 11
565 20
566 25
567 12
568 21
569 5
570 20
571 18
572 21
573 0
574 13
575 18
576 23
577 21
578 7
579 20
580 5
581 1
582 16
583 29
584 7
585 25
586 25
587 23
588 22
589 29
590 7
591 25
592 11
